1 3 2 1 1 3 2 0 1 1 1 2 2 3 2 4 0 1 0 1 1 3 4 0 0 1 3 2 2 1 2 2 4 3 2 2 1 1 1 2 1 1 4 1 4 3 1 2 2 2 3 2 1 2 4 2 4 2 2 4 0 4 3 2 2 6 0 2 0 3 0 2 1 2 6 2 2 1 4 0 4 5 
2 2 3 4 2 3 1 2 0 2 3 3 1 5 1 2 2 4 1 2 2 5 3 2 2 0 6 3 4 0 4 2 2 0 3 2 2 1 4 2 7 2 3 0 4 1 2 2 2 1 0 3 4 5 1 0 1 2 0 2 4 1 1 1 3 2 3 6 5 2 1 3 1 3 2 1 2 2 2 2 3 1 
3 3 6 5 3 2 3 0 2 5 1 1 0 3 6 3 1 1 4 1 4 2 2 0 4 2 1 1 2 3 3 4 1 0 1 2 1 1 2 2 0 2 3 1 3 3 1 5 2 3 2 2 3 2 2 2 1 0 1 0 2 4 3 5 1 1 1 0 3 2 3 2 3 1 1 3 4 1 1 1 2 0 
5 2 3 1 2 0 3 1 3 3 4 2 0 2 2 4 1 4 3 1 2 4 0 4 1 2 4 3 5 2 2 3 5 2 2 2 1 2 4 2 2 2 2 4 2 2 1 0 1 0 2 0 2 2 3 4 1 3 1 3 2 3 2 3 2 4 1 2 4 4 3 2 1 3 2 0 3 3 2 1 2 2 
5 3 1 1 3 1 2 3 1 3 3 3 3 1 1 1 4 2 2 3 1 4 1 3 1 1 4 3 1 4 11 0 2 3 5 2 2 2 2 2 3 3 7 3 2 1 5 2 1 0 4 0 3 3 3 1 1 1 0 3 2 4 4 1 1 0 2 4 2 3 2 2 5 3 3 2 1 1 1 3 2 1 
0 1 5 3 2 4 2 3 1 2 2 6 3 2 6 4 2 2 1 1 2 3 3 2 1 3 3 2 2 3 4 3 4 1 2 3 2 0 2 2 2 2 5 4 0 2 5 3 0 3 4 2 4 0 4 5 3 4 4 4 3 3 4 1 1 3 2 3 2 1 1 1 3 2 2 2 3 3 3 2 1 2 
1 2 5 2 4 2 2 4 3 3 4 6 3 1 1 0 4 3 2 1 5 2 1 2 0 5 3 5 3 4 3 0 2 3 3 4 2 2 2 3 4 1 6 3 2 4 1 5 2 4 2 2 3 1 4 1 3 6 5 3 6 2 2 1 4 1 1 2 1 0 1 3 1 4 4 4 0 1 2 1 1 0 
1 0 4 4 0 1 3 2 4 1 5 5 5 3 3 3 0 1 0 2 1 0 0 0 1 6 1 0 2 1 2 1 1 4 0 1 2 2 0 5 6 1 1 2 4 2 1 1 2 0 1 3 4 7 1 1 2 5 4 4 7 1 2 0 5 3 3 3 2 2 0 0 2 5 2 1 3 3 3 4 1 4 
7 2 2 4 1 3 1 1 3 0 0 4 1 1 3 2 0 3 1 3 0 4 2 2 3 0 5 1 0 5 1 2 1 2 3 0 1 3 2 3 6 3 6 0 3 2 2 0 1 4 2 1 5 3 2 4 1 3 1 3 3 4 4 2 0 5 2 1 1 1 3 1 3 4 1 6 3 4 3 4 4 1 
3 0 2 0 4 1 3 2 1 0 3 1 2 0 3 3 3 3 1 1 2 2 1 1 0 2 1 1 2 1 0 0 2 1 0 3 2 2 4 6 2 3 3 2 3 1 2 1 3 2 2 4 1 6 2 7 3 4 3 0 0 4 3 1 1 3 4 1 5 0 4 2 4 1 2 5 3 1 0 1 3 4 
3 4 5 1 1 2 0 4 1 4 3 4 1 0 4 0 2 4 2 3 2 3 4 5 2 1 0 2 2 3 3 1 1 3 1 2 2 1 4 4 3 3 1 0 1 1 1 3 2 3 6 3 4 6 1 7 5 2 2 3 1 0 1 5 4 4 4 4 4 3 2 4 4 3 1 2 0 2 1 1 2 3 
1 2 5 4 0 2 3 4 3 0 2 5 3 0 3 4 1 0 3 2 5 3 0 3 3 3 1 2 2 4 3 2 2 2 1 1 3 3 1 1 0 0 3 1 1 1 2 2 3 1 2 4 3 5 1 2 3 1 1 2 2 0 1 4 4 1 0 2 2 4 3 3 2 4 1 2 2 2 4 2 0 0 
3 3 7 2 2 1 3 4 2 0 1 0 1 2 3 0 5 1 1 2 2 0 1 5 5 3 1 1 2 1 1 0 2 2 3 1 2 3 3 2 4 3 2 1 3 6 1 0 2 1 2 6 4 3 2 2 2 7 3 4 5 7 2 3 10 3 0 2 3 1 1 1 1 0 1 0 1 2 6 3 5 6 
0 4 1 2 2 3 0 1 2 0 3 1 4 4 1 2 2 2 2 3 1 4 3 4 0 3 4 4 0 4 0 3 4 2 6 2 1 3 3 3 2 2 5 1 8 1 3 4 2 6 2 7 6 5 5 5 1 3 4 4 5 1 2 2 0 3 2 4 3 1 1 3 1 2 1 2 4 7 2 3 0 2 
0 7 1 2 2 2 5 2 3 1 1 0 2 2 2 2 3 0 4 2 2 1 2 2 1 2 1 3 0 0 1 4 1 1 2 1 3 3 3 2 1 3 1 0 1 1 3 2 2 2 5 3 4 2 1 4 1 1 6 4 4 2 0 2 1 4 3 5 0 4 3 0 3 3 3 2 5 3 3 3 1 3 
2 2 0 0 0 2 1 0 1 3 1 3 3 3 2 2 6 1 3 1 3 5 4 4 0 2 2 2 4 0 1 0 4 1 4 4 1 2 2 2 1 1 1 4 1 3 3 4 0 4 3 4 3 1 3 1 1 1 6 4 6 2 5 2 7 5 4 2 5 5 3 2 4 3 4 3 3 5 1 2 3 0 
5 5 2 4 5 3 3 2 0 2 1 2 4 6 3 1 0 5 4 1 1 3 1 4 1 3 4 0 2 5 1 2 2 3 1 1 2 3 1 1 3 3 5 3 0 4 1 0 5 3 3 2 1 2 4 4 4 4 7 5 4 2 4 3 1 1 1 2 1 4 3 1 2 1 2 2 0 0 4 1 1 4 
5 0 2 6 0 2 0 3 3 3 1 2 2 1 3 1 4 3 1 1 2 1 1 4 3 3 5 1 4 5 1 1 2 4 1 2 4 3 1 1 1 3 1 3 1 7 1 3 3 3 2 3 7 3 4 1 7 2 3 6 2 2 5 3 2 3 0 1 4 1 4 1 4 2 3 1 4 1 9 2 3 2 
3 2 2 4 0 6 4 3 4 1 3 3 2 7 6 3 4 0 1 2 0 2 2 4 1 3 3 2 1 2 2 2 2 2 2 1 0 2 3 2 2 0 3 6 3 0 3 1 5 1 5 5 7 2 7 6 2 4 4 4 1 6 2 2 3 1 2 2 0 1 2 1 1 3 3 0 4 2 2 4 2 1 
4 3 1 5 3 1 5 2 3 1 0 2 2 3 1 3 1 2 3 1 1 2 2 3 2 1 0 5 2 2 2 3 1 2 0 1 2 1 2 1 1 4 0 6 5 3 4 4 3 0 3 6 2 2 11 3 7 1 4 3 7 4 0 3 2 0 4 1 2 1 1 3 2 2 2 7 4 1 1 2 3 1 
0 2 3 3 1 1 1 6 4 5 2 4 6 1 3 4 1 5 6 3 3 3 3 4 1 1 2 2 3 1 5 6 3 3 2 3 3 1 1 2 1 4 5 1 5 5 8 5 4 2 3 1 8 2 6 7 6 5 7 4 6 3 1 4 4 2 3 3 2 0 3 2 2 4 4 1 3 1 2 6 2 1 
5 3 3 1 5 2 3 2 1 0 1 1 1 1 4 3 2 1 0 5 2 2 4 2 0 5 2 2 0 2 0 0 3 1 1 0 3 1 2 2 2 3 0 6 3 3 4 2 8 3 8 6 3 8 5 6 7 4 5 4 1 3 3 4 5 6 2 3 2 3 2 3 1 2 1 2 7 1 5 1 2 2 
0 2 2 1 4 5 2 3 5 2 2 1 7 0 4 6 1 1 3 1 5 4 4 3 4 3 2 4 2 3 2 4 3 4 2 2 1 2 0 1 3 2 3 9 2 5 2 5 2 4 7 7 4 4 7 9 3 2 5 6 2 2 7 2 0 5 2 1 0 2 0 1 2 4 2 1 2 2 3 1 2 1 
4 2 0 0 3 1 1 2 3 0 4 4 1 1 3 0 4 4 1 4 3 0 1 0 1 4 2 2 1 1 2 2 0 0 2 3 1 3 0 2 3 3 4 2 1 4 2 2 2 3 4 1 5 1 4 5 5 9 4 2 7 3 5 2 8 5 7 3 4 8 2 3 2 1 0 4 3 1 3 2 1 2 
6 2 4 1 1 2 4 1 2 1 3 3 1 1 3 2 1 1 7 1 0 1 1 2 4 1 1 3 1 1 3 3 1 3 0 3 0 4 0 1 3 1 3 2 1 6 3 4 1 9 7 4 6 3 6 9 5 6 5 2 4 2 3 4 3 9 4 4 3 2 5 1 2 3 4 2 2 5 4 2 0 0 
3 4 2 2 2 1 6 2 0 2 4 4 0 5 3 2 4 1 0 1 2 2 4 0 6 3 6 3 1 3 4 1 1 3 4 1 1 1 3 5 2 3 2 6 2 7 5 4 11 3 8 7 1 1 3 4 4 6 3 3 2 2 4 2 3 1 3 5 2 4 1 1 2 3 1 7 1 1 6 3 1 2 
3 1 3 4 4 4 0 1 1 1 0 3 3 3 2 0 1 3 2 0 4 0 2 2 0 4 3 1 2 1 1 1 1 2 6 1 2 0 0 2 1 1 6 4 1 7 0 8 5 5 9 2 4 3 9 5 6 6 2 2 8 6 4 3 4 1 3 3 2 4 4 4 2 6 4 2 0 1 3 0 0 1 
3 1 1 2 2 2 3 2 1 0 3 3 0 0 6 0 0 3 0 2 3 1 1 2 1 2 1 1 4 1 5 2 3 1 2 2 0 3 4 1 1 3 2 4 4 7 3 4 8 10 4 7 12 4 7 6 7 3 5 4 4 3 5 3 4 1 1 3 4 1 2 4 1 2 5 4 2 3 2 2 0 2 
4 4 2 4 4 1 3 0 2 4 2 1 2 1 0 1 1 5 5 3 1 3 1 2 1 0 1 2 1 1 2 2 1 2 1 4 0 2 2 3 3 4 3 8 2 6 3 5 6 6 11 7 5 9 7 4 2 11 9 5 4 1 0 2 4 2 4 3 0 2 2 3 3 1 5 1 2 3 3 2 3 2 
2 3 1 3 4 0 4 4 1 1 3 2 0 2 3 2 1 3 1 0 3 2 2 1 1 2 4 2 3 2 5 5 4 2 2 2 3 2 3 1 4 3 2 5 5 6 8 10 11 12 15 16 13 6 9 5 4 3 5 4 7 1 2 4 5 5 4 3 2 2 1 2 2 1 1 2 4 5 0 3 2 0 
3 3 6 2 2 2 2 2 4 2 3 0 2 1 1 2 7 0 3 2 3 0 1 1 4 2 0 2 1 1 3 1 3 3 2 3 1 2 5 3 2 4 9 6 4 8 6 9 3 16 12 15 9 10 13 5 7 4 4 8 1 7 0 6 5 2 3 4 1 3 0 2 0 2 1 1 2 1 2 0 3 1 
2 3 4 6 7 1 3 1 5 5 2 1 3 4 10 2 2 2 1 2 1 1 1 1 2 3 1 4 2 3 1 3 2 1 1 1 3 5 7 5 4 4 4 4 10 17 13 11 18 12 19 15 15 7 10 7 6 3 3 1 0 2 2 1 4 4 1 4 2 3 1 2 1 1 2 3 2 0 0 2 3 0 
5 2 1 1 5 2 2 4 1 1 3 1 0 1 2 2 2 2 4 2 2 3 4 3 3 0 4 1 3 4 5 2 2 1 3 3 3 2 3 6 3 2 4 6 1 14 7 17 15 15 19 19 13 18 11 5 9 2 4 3 1 3 6 1 2 2 2 2 3 1 1 2 3 1 2 2 1 1 2 0 2 3 
4 1 1 0 0 5 2 2 3 1 0 3 1 0 4 3 3 2 3 7 2 4 5 2 2 3 1 5 1 2 4 1 4 1 3 3 6 6 5 11 7 11 6 7 12 13 10 20 22 12 17 19 21 22 12 5 7 1 2 2 3 0 0 4 3 6 1 3 2 1 2 3 0 2 1 3 2 2 1 1 2 2 
1 7 3 2 2 3 0 0 2 4 1 0 1 1 0 2 1 1 3 2 0 0 3 1 2 1 5 1 3 2 4 2 3 4 4 3 6 5 1 8 8 4 9 4 8 8 7 12 12 23 19 11 17 6 5 6 7 1 5 4 3 1 1 2 0 4 4 6 0 3 2 2 1 2 2 3 1 3 0 4 5 1 
6 4 7 0 2 8 1 0 1 3 1 2 4 1 5 2 0 3 0 2 2 0 4 2 0 0 5 2 2 5 1 2 4 6 7 7 13 8 32 23 38 19 16 18 11 10 12 15 13 8 14 11 10 9 7 6 4 6 2 0 2 4 1 1 3 3 2 7 4 1 3 0 4 2 2 0 1 5 0 3 3 3 
6 5 4 2 3 1 3 1 4 2 2 2 1 1 1 2 1 4 0 3 3 3 2 2 2 1 6 3 2 6 4 6 1 5 6 4 11 10 16 22 21 27 18 17 11 11 9 11 10 11 7 9 16 14 14 4 8 2 3 4 3 2 2 6 1 2 0 1 3 2 5 1 3 3 2 4 2 1 1 3 2 0 
6 2 0 4 1 3 3 2 0 2 2 3 4 2 2 0 2 5 0 3 2 0 1 2 5 0 1 0 2 1 3 2 7 2 1 6 18 17 33 23 51 34 42 32 27 15 10 12 14 4 8 9 5 3 2 4 5 1 4 4 3 1 3 4 2 1 2 5 3 1 1 5 1 4 4 1 3 3 0 2 2 5 
5 2 1 4 0 5 1 1 1 1 1 3 0 5 2 2 3 2 2 0 1 1 4 2 1 4 3 1 3 1 8 2 1 3 7 5 24 18 30 24 41 40 25 14 22 17 13 7 5 5 8 9 8 4 7 4 1 3 1 2 1 6 3 2 2 7 3 5 2 2 2 2 4 1 4 2 3 1 4 3 2 1 
4 3 3 6 3 3 2 2 4 2 1 0 3 2 1 0 3 1 1 3 0 1 3 1 5 1 1 6 1 3 6 1 3 7 16 14 27 16 46 50 79 62 56 40 49 25 23 11 12 2 11 3 5 2 3 4 4 3 2 3 1 3 2 3 4 1 2 4 1 1 2 4 0 2 2 2 3 5 1 2 3 4 
4 3 2 1 1 2 1 0 3 4 5 2 1 3 3 2 0 1 2 3 2 2 1 2 2 4 2 1 1 2 1 2 4 4 14 9 21 24 50 41 65 64 62 37 65 13 17 6 9 5 1 3 1 2 4 3 5 2 1 2 0 5 6 2 2 2 5 1 1 1 5 0 3 3 1 4 3 0 5 0 2 3 
3 4 1 0 3 2 0 5 2 3 1 3 4 3 5 1 4 2 0 4 1 2 1 3 1 4 1 2 0 5 2 2 5 13 9 13 19 14 32 45 51 49 54 34 42 25 23 11 4 4 8 5 3 4 3 4 3 3 3 3 1 3 2 5 4 0 1 3 4 1 4 0 1 1 2 0 4 1 2 2 3 5 
5 2 1 3 4 1 5 6 1 3 1 1 2 1 2 4 4 2 2 1 1 0 1 2 3 2 1 5 1 1 1 1 4 3 15 14 28 25 43 37 61 54 52 54 32 24 15 9 7 9 3 3 3 1 6 2 2 3 4 0 3 3 1 3 6 3 0 0 3 4 2 2 3 0 2 2 4 4 5 4 1 3 
3 2 3 3 1 2 2 0 2 4 1 2 5 5 3 2 4 1 1 1 1 1 1 8 1 2 3 4 4 2 3 3 3 0 8 5 13 12 22 24 32 36 29 29 30 17 14 8 8 5 3 3 6 0 4 3 5 2 0 5 6 3 3 2 3 1 4 2 4 1 0 1 5 2 1 2 4 1 1 3 0 5 
5 5 9 8 4 5 2 4 1 4 2 1 2 2 1 3 2 1 2 4 0 2 0 2 2 0 2 1 2 1 1 0 3 3 9 2 20 17 27 26 22 35 42 25 30 25 16 5 6 7 6 5 1 1 2 1 1 2 0 5 4 2 1 3 4 1 2 1 2 3 4 2 4 0 3 4 1 3 3 1 3 2 
5 4 6 8 8 5 3 3 3 4 1 2 1 0 4 4 4 4 1 2 4 2 2 1 4 1 0 1 4 3 0 2 7 4 4 8 10 2 11 18 15 25 17 15 20 5 14 6 14 4 2 1 4 7 1 6 3 1 4 8 2 1 2 5 4 1 5 2 2 4 2 4 4 3 4 1 1 2 0 0 4 3 
6 3 5 4 4 4 3 6 2 3 3 3 0 0 0 1 0 1 1 3 3 0 1 4 1 3 1 2 1 2 3 0 0 2 6 8 2 13 13 13 12 30 21 22 32 20 14 6 0 5 8 1 6 7 3 1 1 6 0 2 2 2 6 2 0 3 3 5 2 1 4 3 0 0 1 2 0 2 4 2 1 0 
2 2 5 4 6 5 3 3 6 1 3 3 1 4 1 4 0 2 3 2 3 2 4 1 2 4 5 4 4 3 2 5 3 1 5 4 4 4 4 10 11 11 8 6 7 4 7 8 6 3 1 4 2 4 2 9 4 1 1 2 4 1 1 4 8 1 3 0 2 3 2 4 0 3 2 1 3 4 4 0 5 2 
5 3 3 2 4 2 1 0 1 3 3 5 2 0 2 4 1 0 5 1 3 3 4 2 2 2 2 2 2 2 1 1 3 3 5 2 6 3 3 3 1 3 6 5 5 4 4 4 1 3 2 3 6 9 2 4 5 4 6 3 2 3 0 0 0 3 3 3 2 3 3 1 3 2 1 2 4 3 0 0 2 3 
1 3 1 2 1 0 0 2 4 1 3 3 2 0 3 1 1 2 2 3 1 1 1 4 1 2 4 1 2 2 2 2 3 3 2 1 3 2 1 3 4 3 3 4 9 3 3 2 1 4 1 1 3 2 2 3 3 4 3 4 3 1 4 6 2 5 5 3 2 4 3 5 2 1 1 4 5 2 5 3 4 2 
2 1 2 1 2 2 2 2 3 2 4 3 6 4 5 1 1 0 6 1 0 2 1 2 1 1 1 3 0 3 1 2 0 1 5 5 4 3 0 2 4 4 3 5 4 6 4 2 1 2 2 7 4 3 1 6 3 4 2 3 4 4 2 3 1 4 8 4 2 3 4 2 3 2 2 2 5 5 3 3 3 6 
3 1 0 3 4 7 0 3 1 2 4 2 3 1 2 2 2 0 1 2 0 4 1 5 0 2 2 2 2 4 3 0 2 0 2 5 4 2 5 2 2 3 4 3 0 3 3 4 3 3 4 8 3 2 5 9 2 3 6 8 3 6 2 5 7 4 7 1 5 5 2 6 5 2 2 3 5 4 1 2 3 1 
1 2 0 1 1 3 2 1 1 1 3 2 3 3 1 5 3 4 4 4 1 0 4 1 5 6 2 0 0 3 4 3 2 2 6 5 3 3 0 2 1 4 3 5 2 4 8 1 6 2 2 5 3 0 4 0 1 1 0 3 5 3 2 6 2 1 4 4 7 5 4 5 3 5 4 3 5 2 3 3 1 2 
2 2 2 3 1 2 3 4 6 3 0 1 0 3 2 2 1 0 0 4 3 1 2 2 4 4 2 3 2 0 1 4 5 3 1 4 3 2 1 3 4 1 5 5 7 2 4 6 2 2 7 2 3 3 5 1 2 6 4 5 3 3 3 5 2 4 13 3 2 6 3 4 2 5 1 2 2 1 1 3 6 5 
2 6 4 1 1 1 1 1 2 5 6 4 4 0 2 2 1 1 1 2 1 1 1 2 2 0 6 2 1 5 1 0 1 3 3 1 5 2 0 4 0 2 5 2 3 7 1 5 6 7 2 3 6 2 4 5 4 7 3 4 2 6 7 4 7 4 1 7 6 3 2 3 5 10 5 4 4 1 5 2 3 3 
0 1 1 0 0 2 5 3 2 6 2 1 5 2 2 1 1 2 6 2 1 3 1 2 2 3 3 4 3 3 1 4 1 2 5 1 2 3 4 2 5 0 5 4 7 4 2 5 4 3 2 3 6 1 3 3 2 0 1 4 5 3 6 0 2 6 4 5 2 4 5 2 4 4 2 4 3 1 3 7 3 2 
0 5 2 0 2 1 3 3 0 0 2 5 2 0 4 3 2 3 1 0 4 1 1 2 2 2 3 5 3 4 0 2 2 2 3 1 1 3 2 0 2 3 2 2 3 7 4 5 1 4 5 3 7 4 6 2 6 4 1 2 2 2 7 3 3 3 5 4 2 8 1 6 12 3 1 3 3 0 2 1 4 4 
2 0 1 1 4 1 0 0 2 1 4 1 1 3 3 1 4 2 2 5 2 1 3 1 1 1 2 2 5 1 2 2 6 2 2 3 1 2 0 4 1 1 4 9 7 6 4 8 4 4 4 6 7 6 4 6 4 7 6 6 4 3 6 2 2 1 6 5 1 6 5 10 5 5 3 3 6 1 3 1 0 2 
3 3 1 4 2 0 0 1 2 2 1 1 5 0 1 1 0 0 2 1 0 1 3 2 1 1 1 2 6 0 6 4 3 3 1 5 2 3 4 3 3 1 3 2 4 3 6 4 4 1 4 3 4 5 4 1 5 3 8 3 2 2 5 1 4 3 5 1 4 3 3 8 5 5 2 3 2 6 5 0 1 4 
1 0 3 1 3 3 1 4 2 0 3 1 2 1 3 1 2 2 1 2 1 1 1 4 0 4 2 1 4 3 0 2 1 1 1 0 2 3 2 3 3 4 5 2 6 8 6 5 3 3 2 3 5 4 4 3 4 4 4 0 3 7 5 3 6 5 4 3 4 4 4 3 3 5 2 4 1 1 1 3 0 3 
4 0 2 1 2 2 2 4 2 2 1 2 3 2 4 0 3 4 1 1 2 4 3 3 1 2 1 1 3 3 3 1 1 3 3 2 0 3 1 4 1 4 2 6 1 1 5 5 1 7 1 3 2 5 4 5 4 2 3 3 3 3 5 4 12 7 8 6 3 5 4 5 6 2 2 2 2 3 1 1 1 0 
3 2 0 1 2 0 4 3 2 1 2 3 1 1 1 6 1 3 2 2 1 2 2 1 0 1 0 3 1 5 2 2 2 3 1 4 4 1 1 4 3 3 2 5 3 2 3 4 5 6 5 9 5 4 0 7 8 2 1 2 7 6 8 8 9 13 7 13 12 6 8 9 7 2 3 1 0 4 2 3 6 1 
3 0 1 3 3 2 2 1 3 0 1 3 4 1 3 5 4 1 2 2 3 3 6 0 3 1 1 2 0 1 1 1 0 1 2 1 2 1 2 2 2 2 0 2 3 3 3 4 5 2 2 4 5 3 2 4 5 5 3 3 2 4 5 6 3 5 7 9 3 5 6 3 3 6 1 2 1 4 4 3 2 2 
5 2 2 3 3 1 2 2 2 1 1 5 2 1 5 4 3 1 5 4 2 2 3 2 1 1 1 3 5 3 4 2 0 1 1 1 4 2 5 2 4 2 3 2 6 4 4 9 4 1 1 5 3 4 3 2 7 7 2 2 4 8 3 4 4 6 6 3 5 3 3 6 9 10 1 2 4 5 2 0 5 0 
2 3 0 3 2 2 2 5 3 1 2 1 6 3 4 1 3 2 3 3 6 1 2 0 3 1 2 2 0 4 2 2 3 2 1 2 6 2 2 1 2 2 0 5 5 5 5 5 2 2 3 3 12 5 4 0 2 2 3 3 6 2 8 8 8 7 5 5 3 4 4 1 3 2 4 5 1 1 2 2 0 1 
1 0 2 4 2 1 4 0 5 3 2 2 1 2 3 4 3 2 5 5 3 2 0 1 2 1 2 2 6 1 2 3 4 2 2 4 1 2 2 5 1 2 3 5 2 4 5 5 7 5 3 7 7 5 4 2 7 6 6 6 4 1 3 3 8 4 3 7 3 10 3 6 1 1 3 3 4 1 5 1 2 2 
4 0 4 2 2 2 1 1 1 2 2 2 2 4 2 2 4 5 1 4 0 1 2 2 3 2 1 0 2 4 3 4 3 2 3 2 1 5 1 2 4 2 4 5 3 4 5 2 3 4 8 4 3 7 6 1 6 2 3 1 1 6 7 4 2 7 3 3 4 4 2 8 0 3 3 2 0 4 2 1 3 3 
1 4 1 3 3 0 1 3 3 4 6 4 2 2 2 3 0 3 4 1 4 2 5 3 3 0 1 4 1 1 1 7 2 2 2 2 7 2 1 2 4 1 1 3 7 2 5 7 7 3 4 1 3 3 2 4 3 2 4 2 3 5 2 6 4 3 4 5 3 5 5 4 5 1 2 1 4 6 2 1 1 2 
2 4 5 1 6 1 2 4 2 1 0 3 1 3 6 0 3 2 3 3 1 1 0 1 1 1 2 0 1 2 3 2 0 1 1 0 0 2 1 5 3 1 2 1 3 1 4 5 4 6 0 1 6 4 5 0 3 5 4 5 4 5 2 6 0 6 1 2 2 3 4 3 6 2 1 3 2 4 3 4 1 0 
6 1 3 2 2 1 2 1 0 2 2 0 4 1 4 2 1 1 5 0 1 2 3 4 3 4 0 2 2 3 1 1 3 2 0 2 0 1 2 1 4 2 2 5 0 4 4 5 8 3 3 5 8 3 4 4 3 2 3 1 0 2 6 1 4 5 3 3 4 6 4 4 3 5 2 5 1 3 1 3 2 0 
1 4 4 6 4 1 6 0 3 2 2 2 3 3 3 2 4 1 0 4 0 2 2 0 2 1 5 1 1 2 1 1 1 2 3 1 1 6 2 2 2 4 2 3 3 4 8 2 4 4 7 3 3 5 6 8 6 2 2 3 3 3 3 1 5 3 4 5 3 3 3 2 0 4 3 2 4 3 5 3 2 1 
6 1 1 7 5 7 3 2 4 1 3 1 4 6 0 1 3 2 2 1 5 1 1 5 3 1 2 4 3 1 4 2 0 3 1 3 1 2 0 0 0 2 4 1 3 4 4 2 1 3 2 4 7 6 5 3 3 3 5 1 3 3 2 5 4 1 4 1 6 1 5 3 5 2 4 2 3 0 2 1 0 2 
5 1 3 2 0 5 2 0 2 1 1 4 2 1 1 2 2 1 1 4 2 2 2 3 3 2 2 2 3 2 1 0 0 1 2 1 2 1 3 3 2 1 2 2 0 3 5 2 4 1 3 3 2 3 5 0 4 4 1 4 0 3 5 3 7 3 4 3 1 5 5 4 5 2 7 1 4 2 2 3 3 2 
1 1 2 2 4 2 1 7 3 2 3 1 5 2 1 2 6 1 1 2 3 4 1 7 2 3 1 4 2 2 4 1 2 1 4 1 2 1 2 1 1 6 4 1 6 6 8 3 2 2 6 1 4 0 3 4 2 2 5 3 6 3 3 3 6 10 3 2 0 6 2 3 2 3 1 2 1 4 2 3 1 2 
2 3 2 3 4 2 1 1 1 4 3 0 3 6 2 0 1 4 2 3 4 2 2 0 3 3 4 1 1 2 1 0 6 0 0 1 3 2 5 0 1 1 5 2 1 2 4 5 4 5 8 2 2 4 0 4 4 3 3 6 2 3 3 5 4 2 0 0 4 4 3 2 2 2 3 3 3 1 1 3 1 0 
2 0 1 2 2 1 4 5 1 2 4 3 4 4 1 2 3 3 3 2 3 2 0 1 4 2 3 2 3 3 1 3 2 4 3 4 2 0 2 2 3 1 1 3 6 4 6 3 1 4 5 2 4 2 3 6 5 1 0 5 4 1 3 5 3 8 6 2 5 2 0 1 3 4 1 2 3 3 1 1 1 2 
3 4 5 0 4 4 1 1 2 5 4 2 7 2 7 4 8 4 4 2 4 3 2 3 4 1 3 3 2 0 0 3 2 2 1 5 1 0 4 2 4 2 3 1 2 2 6 3 1 4 2 2 4 4 7 4 6 3 2 1 1 6 2 2 6 5 5 8 4 6 4 2 3 3 2 6 1 0 3 5 3 4 
3 2 1 1 3 3 1 4 5 1 3 6 5 4 7 8 5 6 5 3 4 1 4 2 4 2 2 2 2 2 2 1 1 1 0 2 4 3 3 6 2 2 3 1 1 4 6 0 2 4 4 3 7 3 2 2 3 3 3 1 8 5 3 8 8 6 3 8 2 4 1 2 1 0 4 7 4 2 2 1 3 3 
4 4 2 5 2 4 5 3 5 3 4 2 0 2 4 3 4 1 5 2 7 2 3 2 5 1 4 3 1 5 3 2 2 3 1 3 0 1 2 2 3 1 4 5 1 4 2 2 3 4 4 2 6 3 2 4 4 5 6 5 2 3 3 7 7 6 4 6 2 5 2 3 1 4 6 2 2 1 2 4 1 3 
2 4 3 4 5 3 5 6 2 0 5 5 6 2 6 7 2 5 5 4 1 4 2 2 5 1 4 4 3 0 1 3 4 0 2 5 2 0 1 4 4 6 1 2 7 2 3 0 1 2 3 4 3 7 4 5 6 3 3 2 8 7 3 3 4 3 3 5 2 3 2 5 2 3 2 4 0 5 2 2 4 1 
3 3 4 6 2 6 4 3 1 4 10 4 3 1 3 5 4 4 5 3 6 2 1 2 4 1 3 3 6 1 0 2 2 1 1 1 2 2 2 2 5 3 4 2 4 2 4 3 5 4 2 4 2 6 6 6 2 2 2 3 8 4 5 7 6 8 4 5 1 3 7 3 4 4 2 3 4 4 2 3 0 5 
6 4 2 3 2 1 0 6 6 4 12 3 8 4 3 2 2 3 2 4 5 1 1 5 4 5 5 1 0 2 7 2 5 0 5 3 5 2 4 4 0 3 3 8 3 2 5 4 2 3 3 3 2 6 5 2 1 4 6 4 2 7 3 4 7 8 4 1 2 7 3 3 2 1 4 3 3 5 4 0 5 1 
